52 19 1 1 0 0 1
85 25 1 1 1 0 0
54 21 0 0 0 0 1
34 48 0 1 0 1 0
77 79 0 1 0 1 0
32 27 0 0 0 0 1
83 46 0 0 1 0 0
22 15 0 0 0 0 1
34 7 1 1 0 0 1
24 57 0 1 0 0 1
38 90 1 1 0 1 0
49 57 1 1 0 1 0
39 55 0 1 0 1 0
55 1 1 0 0 0 1
12 3 0 1 0 0 1
94 89 0 1 1 0 0
36 57 0 1 0 1 0
13 44 1 0 0 0 1
43 32 0 1 0 1 0
43 84 1 1 0 1 0
16 88 1 1 0 0 1
48 32 1 1 0 1 0
81 66 1 0 1 0 0
83 38 0 0 1 0 0
83 28 1 0 1 0 0
26 70 1 0 0 0 1
20 83 1 0 0 0 1
42 99 0 0 0 1 0
2 46 0 0 0 0 1
83 78 0 0 1 0 0
56 93 1 1 0 1 0
18 40 1 0 0 0 1
39 13 1 0 0 0 1
7 16 0 0 0 0 1
30 72 1 1 0 0 1
85 60 1 1 1 0 0
24 2 0 0 0 0 1
94 2 1 1 1 0 0
48 68 1 1 0 1 0
36 81 1 1 0 1 0
50 9 0 1 0 0 1
40 61 0 0 0 1 0
81 16 0 1 1 0 0
14 40 1 1 0 0 1
11 82 0 1 0 0 1
52 78 0 0 0 1 0
7 51 1 0 0 0 1
70 41 1 1 0 1 0
80 92 1 1 1 0 0
88 57 0 1 1 0 0
72 80 0 1 0 1 0
58 42 0 0 0 1 0
73 27 0 1 0 0 1
92 64 1 0 1 0 0
19 33 1 0 0 0 1
17 90 0 1 0 0 1
6 5 1 1 0 0 1
39 78 0 0 0 1 0
96 92 1 1 1 0 0
13 86 1 1 0 0 1
17 63 1 0 0 0 1
88 62 1 0 1 0 0
68 55 0 1 0 1 0
15 99 0 1 0 0 1
74 7 0 0 0 0 1
45 71 1 0 0 1 0
58 74 1 0 0 1 0
44 50 0 0 0 1 0
19 12 0 0 0 0 1
42 90 0 0 0 1 0
66 79 1 0 0 1 0
71 47 0 0 0 1 0
5 33 1 1 0 0 1
50 28 1 1 0 0 1
77 62 0 1 0 1 0
1 20 1 0 0 0 1
91 2 1 1 1 0 0
43 64 1 1 0 1 0
30 4 1 1 0 0 1
6 79 1 1 0 0 1
58 19 0 0 0 0 1
81 76 1 0 1 0 0
28 67 0 1 0 0 1
36 50 1 1 0 1 0
29 3 0 0 0 0 1
55 95 0 1 0 1 0
48 99 0 1 0 1 0
58 92 0 1 0 1 0
36 23 0 1 0 0 1
41 49 0 0 0 1 0
71 63 1 1 0 1 0
96 74 1 1 1 0 0
33 77 1 1 0 1 0
99 24 1 0 1 0 0
69 58 0 1 0 1 0
85 18 0 0 1 0 0
67 60 1 1 0 1 0
52 29 1 1 0 0 1
73 97 0 0 0 1 0
59 89 1 0 0 1 0
95 49 0 1 1 0 0
32 24 1 1 0 0 1
49 60 0 1 0 1 0
88 43 1 1 1 0 0
64 91 0 0 0 1 0
91 12 1 0 1 0 0
49 98 0 0 0 1 0
0 28 1 0 0 0 1
54 56 0 0 0 1 0
93 13 0 1 1 0 0
61 81 0 1 0 1 0
46 66 0 1 0 1 0
99 56 0 0 1 0 0
56 100 0 1 0 1 0
68 90 1 0 0 1 0
91 30 1 0 1 0 0
32 88 1 1 0 1 0
46 1 0 1 0 0 1
40 73 1 1 0 1 0
98 9 0 1 1 0 0
91 80 1 0 1 0 0
89 46 0 0 1 0 0
32 9 0 1 0 0 1
73 84 0 0 0 1 0
94 94 0 1 1 0 0
4 92 0 1 0 0 1
88 56 0 1 1 0 0
74 73 0 1 0 1 0
0 92 1 1 0 0 1
54 26 1 0 0 0 1
73 7 0 1 0 0 1
33 8 0 1 0 0 1
7 12 1 1 0 0 1
51 85 1 1 0 1 0
14 62 1 1 0 0 1
11 53 0 1 0 0 1
15 75 0 0 0 0 1
39 23 0 1 0 0 1
34 14 0 0 0 0 1
13 68 0 0 0 0 1
49 59 1 0 0 1 0
9 2 0 0 0 0 1
56 83 0 1 0 1 0
90 75 1 1 1 0 0
56 6 0 0 0 0 1
29 17 0 0 0 0 1
28 17 1 1 0 0 1
27 45 0 0 0 0 1
77 53 1 1 0 1 0
52 14 0 1 0 0 1
76 50 0 1 0 1 0
89 15 0 0 1 0 0
25 70 0 0 0 0 1
69 38 0 0 0 1 0
28 67 0 0 0 0 1
14 56 1 0 0 0 1
41 51 1 1 0 1 0
84 29 0 1 1 0 0
54 96 0 0 0 1 0
85 83 0 1 1 0 0
26 3 0 1 0 0 1
49 46 0 0 0 1 0
43 46 0 0 0 1 0
39 65 1 1 0 1 0
28 78 1 0 0 0 1
99 36 0 1 1 0 0
31 81 0 0 0 1 0
66 14 0 1 0 0 1
1 65 0 0 0 0 1
43 64 0 1 0 1 0
84 19 0 1 1 0 0
89 12 1 1 1 0 0
83 52 1 1 1 0 0
4 95 1 1 0 0 1
3 41 0 0 0 0 1
19 10 0 1 0 0 1
19 66 0 0 0 0 1
32 16 1 1 0 0 1
67 3 1 1 0 0 1
78 23 0 0 0 0 1
16 71 0 1 0 0 1
78 53 0 1 0 1 0
82 2 1 1 1 0 0
19 78 0 0 0 0 1
8 44 0 0 0 0 1
22 35 0 1 0 0 1
94 75 1 0 1 0 0
60 71 0 1 0 1 0
58 75 1 0 0 1 0
59 84 1 1 0 1 0
6 3 0 0 0 0 1
50 93 0 0 0 1 0
53 98 1 1 0 1 0
43 54 1 0 0 1 0
70 60 1 0 0 1 0
57 67 1 1 0 1 0
81 11 0 0 1 0 0
13 72 0 1 0 0 1
62 10 0 0 0 0 1
47 33 0 0 0 1 0
52 90 1 0 0 1 0
77 68 1 0 0 1 0
78 81 1 0 0 1 0
39 87 1 0 0 1 0
64 75 0 1 0 1 0
73 75 0 1 0 1 0
66 43 0 1 0 1 0
8 54 0 0 0 0 1
69 62 1 0 0 1 0
85 15 1 1 1 0 0
22 58 0 0 0 0 1
26 75 0 0 0 0 1
70 73 1 0 0 1 0
91 44 1 0 1 0 0
52 18 1 0 0 0 1
5 37 1 1 0 0 1
89 18 1 1 1 0 0
69 48 0 1 0 1 0
39 46 0 0 0 1 0
2 83 0 0 0 0 1
39 67 0 1 0 1 0
44 61 0 1 0 1 0
60 72 0 0 0 1 0
42 54 0 0 0 1 0
5 47 1 1 0 0 1
90 49 1 0 1 0 0
64 67 1 0 0 1 0
3 78 0 1 0 0 1
42 34 0 0 0 1 0
57 48 0 1 0 1 0
38 64 0 0 0 1 0
29 47 0 0 0 0 1
15 36 0 0 0 0 1
3 13 1 0 0 0 1
61 68 0 0 0 1 0
53 63 1 0 0 1 0
1 7 1 1 0 0 1
54 63 0 0 0 1 0
18 34 1 1 0 0 1
65 23 0 1 0 0 1
82 12 1 0 1 0 0
24 52 1 1 0 0 1
60 5 1 1 0 0 1
32 99 1 0 0 1 0
2 93 0 1 0 0 1
48 21 0 1 0 0 1
49 86 1 0 0 1 0
14 25 0 1 0 0 1
48 68 0 0 0 1 0
36 37 1 1 0 1 0
31 16 1 1 0 0 1
54 5 1 0 0 0 1
50 91 1 0 0 1 0
52 8 1 1 0 0 1
56 28 0 1 0 0 1
27 31 0 1 0 0 1
6 40 1 0 0 0 1
68 95 1 1 0 1 0
10 88 0 1 0 0 1
16 97 1 1 0 0 1
28 92 1 0 0 0 1
86 73 1 1 1 0 0
95 7 0 0 1 0 0
0 20 1 0 0 0 1
73 5 0 0 0 0 1
83 65 1 1 1 0 0
89 68 1 1 1 0 0
17 19 0 1 0 0 1
10 37 1 1 0 0 1
43 95 0 1 0 1 0
1 21 0 0 0 0 1
70 26 0 1 0 0 1
6 26 0 1 0 0 1
37 87 1 0 0 1 0
54 87 1 0 0 1 0
88 10 1 1 1 0 0
64 36 1 0 0 1 0
13 53 0 1 0 0 1
85 24 1 0 1 0 0
19 25 1 0 0 0 1
25 7 1 0 0 0 1
33 95 1 0 0 1 0
86 9 1 1 1 0 0
34 10 0 1 0 0 1
63 62 1 1 0 1 0
10 68 1 1 0 0 1
74 98 0 0 0 1 0
72 23 0 1 0 0 1
0 7 1 1 0 0 1
39 29 0 0 0 0 1
87 39 0 0 1 0 0
93 62 1 1 1 0 0
98 41 0 0 1 0 0
57 51 0 0 0 1 0
33 96 0 1 0 1 0
61 59 1 1 0 1 0
40 20 0 1 0 0 1
71 19 0 1 0 0 1
85 81 1 1 1 0 0
20 67 1 0 0 0 1
13 85 1 1 0 0 1
45 55 0 1 0 1 0
89 53 0 0 1 0 0
12 79 1 1 0 0 1
45 10 1 0 0 0 1
44 71 1 0 0 1 0
12 34 0 1 0 0 1
18 68 0 0 0 0 1
5 69 0 1 0 0 1
12 7 0 0 0 0 1
92 6 0 0 1 0 0
15 6 0 1 0 0 1
4 49 0 1 0 0 1
14 41 0 0 0 0 1
63 73 1 0 0 1 0
11 60 1 0 0 0 1
73 69 1 1 0 1 0
43 50 1 0 0 1 0
34 90 0 0 0 1 0
30 43 1 0 0 0 1
3 74 0 1 0 0 1
78 50 0 1 0 1 0
61 84 0 1 0 1 0
98 20 1 0 1 0 0
37 100 0 0 0 1 0
85 89 0 0 1 0 0
36 59 1 1 0 1 0
30 76 0 0 0 0 1
54 37 1 1 0 1 0
93 24 0 1 1 0 0
26 87 0 1 0 0 1
66 99 0 1 0 1 0
96 30 0 1 1 0 0
24 19 0 0 0 0 1
25 61 1 0 0 0 1
46 9 1 0 0 0 1
82 63 0 1 1 0 0
41 19 1 1 0 0 1
49 56 0 0 0 1 0
17 37 0 1 0 0 1
24 10 0 0 0 0 1
40 41 0 0 0 1 0
3 32 1 1 0 0 1
22 99 1 1 0 0 1
1 76 1 0 0 0 1
9 83 1 0 0 0 1
50 63 0 0 0 1 0
60 85 1 0 0 1 0
56 64 1 1 0 1 0
2 6 1 0 0 0 1
13 49 1 0 0 0 1
39 14 1 0 0 0 1
71 100 1 1 0 1 0
56 6 1 0 0 0 1
41 98 1 0 0 1 0
31 83 0 0 0 1 0
20 6 0 0 0 0 1
11 8 1 1 0 0 1
28 62 0 0 0 0 1
62 76 1 1 0 1 0
77 45 0 0 0 1 0
71 31 0 1 0 1 0
75 5 0 0 0 0 1
23 11 1 0 0 0 1
35 13 1 0 0 0 1
55 78 1 0 0 1 0
97 45 0 1 1 0 0
53 72 0 1 0 1 0
95 5 0 1 1 0 0
52 10 0 1 0 0 1
55 54 0 0 0 1 0
98 28 0 0 1 0 0
26 96 0 1 0 0 1
75 69 0 0 0 1 0
32 81 1 0 0 1 0
4 85 1 1 0 0 1
20 55 0 1 0 0 1
36 13 1 0 0 0 1
17 29 1 1 0 0 1
67 7 0 0 0 0 1
5 10 1 1 0 0 1
52 44 1 1 0 1 0
38 6 0 0 0 0 1
94 37 1 1 1 0 0
63 98 0 0 0 1 0
7 49 1 1 0 0 1
74 51 0 0 0 1 0
52 95 0 0 0 1 0
47 71 1 1 0 1 0
10 77 0 1 0 0 1
66 3 0 0 0 0 1
30 83 0 0 0 0 1
39 74 0 0 0 1 0
63 40 1 1 0 1 0
50 29 0 1 0 0 1
38 63 0 1 0 1 0
85 58 0 1 1 0 0
66 97 1 1 0 1 0
57 70 0 1 0 1 0
91 65 1 1 1 0 0
99 21 0 1 1 0 0
74 29 1 0 0 0 1
71 20 0 0 0 0 1
37 31 0 0 0 1 0
90 14 0 1 1 0 0
78 8 1 1 0 0 1
33 33 0 1 0 1 0
73 12 1 0 0 0 1
69 38 0 0 0 1 0
21 88 0 1 0 0 1
62 69 1 1 0 1 0
18 32 1 0 0 0 1
35 44 0 0 0 1 0
80 76 0 1 1 0 0
52 18 0 0 0 0 1
83 55 1 0 1 0 0
21 78 1 1 0 0 1
94 28 0 0 1 0 0
89 74 1 0 1 0 0
16 84 1 0 0 0 1
43 26 0 1 0 0 1
67 81 1 1 0 1 0
85 90 0 1 1 0 0
32 96 0 1 0 1 0
21 54 0 1 0 0 1
63 87 1 1 0 1 0
29 77 1 0 0 0 1
24 51 0 0 0 0 1
58 80 1 1 0 1 0
70 96 1 1 0 1 0
74 96 1 1 0 1 0
78 100 0 1 0 1 0
5 13 0 0 0 0 1
89 46 1 1 1 0 0
28 82 0 0 0 0 1
18 37 1 1 0 0 1
53 93 0 0 0 1 0
84 34 1 1 1 0 0
77 61 0 0 0 1 0
10 15 1 1 0 0 1
27 13 1 1 0 0 1
15 91 0 0 0 0 1
14 1 0 1 0 0 1
10 43 0 1 0 0 1
98 34 0 1 1 0 0
43 13 0 0 0 0 1
65 44 0 0 0 1 0
46 49 0 1 0 1 0
87 30 1 0 1 0 0
65 74 1 0 0 1 0
30 66 1 1 0 0 1
44 74 1 1 0 1 0
67 12 0 1 0 0 1
81 87 0 1 1 0 0
29 98 1 0 0 0 1
83 24 1 0 1 0 0
7 63 0 0 0 0 1
22 41 0 1 0 0 1
4 39 0 0 0 0 1
61 3 0 1 0 0 1
11 80 1 0 0 0 1
3 59 0 1 0 0 1
14 81 0 0 0 0 1
65 60 1 0 0 1 0
50 87 0 1 0 1 0
18 88 1 0 0 0 1
52 52 0 0 0 1 0
9 82 0 0 0 0 1
10 13 0 0 0 0 1
73 15 1 0 0 0 1
24 40 0 0 0 0 1
66 38 0 0 0 1 0
96 60 0 0 1 0 0
9 14 1 0 0 0 1
36 7 0 1 0 0 1
67 87 1 0 0 1 0
51 55 1 0 0 1 0
92 56 0 0 1 0 0
5 52 1 1 0 0 1
4 99 1 1 0 0 1
42 32 1 1 0 1 0
51 59 1 1 0 1 0
49 45 1 0 0 1 0
20 89 1 1 0 0 1
52 4 0 1 0 0 1
97 30 0 0 1 0 0
90 15 0 1 1 0 0
99 10 0 1 1 0 0
5 87 1 1 0 0 1
55 65 1 0 0 1 0
24 45 1 1 0 0 1
41 32 1 1 0 1 0
39 10 1 1 0 0 1
4 30 1 0 0 0 1
75 67 1 0 0 1 0
13 34 1 1 0 0 1
31 54 0 1 0 1 0
98 79 0 1 1 0 0
0 74 0 0 0 0 1
29 98 1 0 0 0 1
21 74 1 1 0 0 1
54 14 0 1 0 0 1
18 23 1 1 0 0 1
30 86 0 0 0 0 1
22 40 0 1 0 0 1
45 42 0 0 0 1 0
85 80 0 0 1 0 0
17 94 0 1 0 0 1
25 80 0 0 0 0 1
40 65 1 1 0 1 0
74 35 1 1 0 1 0
48 36 0 0 0 1 0
83 90 0 1 1 0 0
2 83 1 0 0 0 1
33 17 1 0 0 0 1
12 13 0 1 0 0 1
61 16 1 0 0 0 1
27 77 1 1 0 0 1
68 10 0 1 0 0 1
24 91 1 0 0 0 1
3 73 0 1 0 0 1
0 55 1 1 0 0 1
17 60 0 1 0 0 1
60 12 1 1 0 0 1
18 53 1 0 0 0 1
82 16 0 1 1 0 0
48 78 1 1 0 1 0
40 77 0 0 0 1 0
70 74 0 1 0 1 0
91 8 1 0 1 0 0
47 60 1 1 0 1 0
71 85 0 1 0 1 0
91 43 1 0 1 0 0
47 24 0 0 0 0 1
63 45 0 0 0 1 0
40 87 1 1 0 1 0
70 11 0 1 0 0 1
82 97 1 0 1 0 0
13 12 1 0 0 0 1
75 11 0 0 0 0 1
69 9 0 1 0 0 1
91 76 1 1 1 0 0
5 88 0 0 0 0 1
11 84 1 0 0 0 1
16 11 0 1 0 0 1
29 19 1 0 0 0 1
30 91 0 0 0 0 1
28 82 0 0 0 0 1
98 82 0 1 1 0 0
62 13 1 0 0 0 1
44 50 1 1 0 1 0
83 30 0 0 1 0 0
72 69 1 0 0 1 0
88 95 1 0 1 0 0
15 72 1 1 0 0 1
49 68 1 0 0 1 0
41 34 0 1 0 1 0
96 58 1 0 1 0 0
65 9 0 0 0 0 1
12 90 0 1 0 0 1
84 19 0 0 1 0 0
70 26 1 0 0 0 1
86 86 1 0 1 0 0
35 15 0 1 0 0 1
51 4 1 1 0 0 1
55 57 1 1 0 1 0
36 42 0 0 0 1 0
46 40 1 1 0 1 0
80 55 1 0 1 0 0
51 34 0 1 0 1 0
35 55 0 1 0 1 0
95 81 0 0 1 0 0
30 81 0 1 0 0 1
87 60 0 1 1 0 0
7 48 1 0 0 0 1
95 8 1 1 1 0 0
42 100 0 0 0 1 0
72 62 1 1 0 1 0
30 31 1 0 0 0 1
51 100 0 0 0 1 0
92 14 1 0 1 0 0
58 10 0 1 0 0 1
76 72 1 0 0 1 0
83 40 0 1 1 0 0
78 52 1 1 0 1 0
18 26 1 0 0 0 1
9 29 1 0 0 0 1
17 52 1 1 0 0 1
32 93 0 1 0 1 0
59 32 1 0 0 1 0
82 32 0 1 1 0 0
53 44 1 1 0 1 0
29 45 0 0 0 0 1
48 93 1 0 0 1 0
29 75 1 1 0 0 1
97 97 0 1 1 0 0
61 79 0 0 0 1 0
23 29 1 0 0 0 1
16 39 1 1 0 0 1
72 65 1 1 0 1 0
44 15 0 0 0 0 1
26 42 1 0 0 0 1
96 61 0 1 1 0 0
71 50 1 0 0 1 0
61 77 1 1 0 1 0
55 23 1 0 0 0 1
23 54 0 1 0 0 1
26 24 0 0 0 0 1
17 99 0 1 0 0 1
19 77 0 0 0 0 1
79 37 0 0 0 1 0
38 75 1 0 0 1 0
74 89 1 1 0 1 0
60 75 1 1 0 1 0
66 71 1 1 0 1 0
41 40 1 0 0 1 0
83 100 0 1 1 0 0
68 43 1 1 0 1 0
12 43 0 1 0 0 1
76 96 0 0 0 1 0
89 81 0 0 1 0 0
62 62 1 1 0 1 0
60 24 0 1 0 0 1
85 60 0 0 1 0 0
57 85 1 0 0 1 0
55 18 1 0 0 0 1
35 85 1 1 0 1 0
8 45 1 0 0 0 1
26 6 1 0 0 0 1
94 35 1 1 1 0 0
62 59 0 0 0 1 0
76 91 0 1 0 1 0
50 83 1 1 0 1 0
70 63 1 0 0 1 0
80 22 0 0 1 0 0
99 41 0 1 1 0 0
13 88 0 0 0 0 1
49 39 0 0 0 1 0
77 66 0 1 0 1 0
84 19 1 0 1 0 0
36 41 0 0 0 1 0
22 86 0 1 0 0 1
93 9 0 0 1 0 0
25 39 0 1 0 0 1
21 59 1 1 0 0 1
80 2 0 0 1 0 0
89 91 0 1 1 0 0
63 87 1 1 0 1 0
45 19 0 0 0 0 1
29 50 0 1 0 0 1
71 98 1 0 0 1 0
82 33 1 0 1 0 0
86 43 0 0 1 0 0
18 99 1 1 0 0 1
17 48 1 0 0 0 1
18 30 0 1 0 0 1
43 21 0 1 0 0 1
45 3 0 1 0 0 1
65 94 1 1 0 1 0
5 4 0 1 0 0 1
82 45 1 1 1 0 0
89 32 1 1 1 0 0
64 99 1 0 0 1 0
16 6 1 1 0 0 1
14 27 1 1 0 0 1
43 52 1 1 0 1 0
30 34 1 1 0 0 1
61 26 1 0 0 0 1
10 4 0 1 0 0 1
34 85 0 0 0 1 0
77 93 1 1 0 1 0
19 94 1 1 0 0 1
5 55 0 0 0 0 1
41 27 0 1 0 0 1
34 67 1 1 0 1 0
79 20 1 1 0 0 1
8 48 1 0 0 0 1
25 25 0 1 0 0 1
45 69 0 0 0 1 0
55 5 1 1 0 0 1
18 72 0 0 0 0 1
85 52 0 1 1 0 0
87 90 1 0 1 0 0
86 29 0 1 1 0 0
95 86 0 0 1 0 0
70 36 0 0 0 1 0
35 56 0 0 0 1 0
3 9 0 0 0 0 1
25 99 1 0 0 0 1
72 78 1 0 0 1 0
87 80 1 0 1 0 0
96 18 0 1 1 0 0
64 90 0 0 0 1 0
36 16 1 1 0 0 1
61 34 1 0 0 1 0
67 69 1 1 0 1 0
4 44 0 1 0 0 1
69 5 0 1 0 0 1
83 81 1 0 1 0 0
99 12 0 1 1 0 0
9 27 0 1 0 0 1
89 56 1 1 1 0 0
67 42 1 1 0 1 0
93 16 0 0 1 0 0
35 76 0 0 0 1 0
44 35 0 0 0 1 0
4 67 0 1 0 0 1
2 63 1 1 0 0 1
80 59 1 1 1 0 0
31 97 0 0 0 1 0
70 92 0 0 0 1 0
61 25 1 1 0 0 1
43 95 0 1 0 1 0
80 32 0 0 1 0 0
92 50 0 0 1 0 0
93 1 1 1 1 0 0
39 64 1 0 0 1 0
87 37 0 1 1 0 0
33 85 0 1 0 1 0
73 37 1 1 0 1 0
6 94 1 0 0 0 1
62 71 1 0 0 1 0
92 49 1 0 1 0 0
89 51 1 0 1 0 0
40 95 0 1 0 1 0
45 39 1 0 0 1 0
22 76 0 1 0 0 1
73 65 1 0 0 1 0
44 12 0 0 0 0 1
76 34 1 1 0 1 0
22 78 0 0 0 0 1
62 25 0 0 0 0 1
81 85 0 0 1 0 0
98 38 0 0 1 0 0
20 82 0 1 0 0 1
81 94 1 1 1 0 0
61 68 0 0 0 1 0
91 7 1 1 1 0 0
7 53 1 0 0 0 1
96 2 1 1 1 0 0
99 37 0 1 1 0 0
99 21 0 1 1 0 0
32 9 1 1 0 0 1
55 35 1 0 0 1 0
57 88 0 1 0 1 0
14 94 1 1 0 0 1
98 60 0 0 1 0 0
47 78 0 0 0 1 0
42 46 0 0 0 1 0
8 58 0 1 0 0 1
51 23 1 0 0 0 1
63 87 1 1 0 1 0
89 62 0 0 1 0 0
97 52 0 1 1 0 0
73 62 0 1 0 1 0
68 88 1 1 0 1 0
58 24 1 0 0 0 1
11 33 0 0 0 0 1
69 74 1 1 0 1 0
71 57 1 1 0 1 0
49 21 1 0 0 0 1
56 16 0 0 0 0 1
25 35 1 1 0 0 1
14 92 0 1 0 0 1
91 79 0 0 1 0 0
35 93 1 0 0 1 0
90 56 0 0 1 0 0
79 95 1 0 0 1 0
65 87 1 0 0 1 0
70 81 0 1 0 1 0
53 40 1 1 0 1 0
74 82 1 1 0 1 0
60 77 0 1 0 1 0
29 31 1 1 0 0 1
80 51 0 0 1 0 0
71 92 0 0 0 1 0
14 67 0 1 0 0 1
35 30 0 1 0 0 1
64 62 1 0 0 1 0
24 42 1 0 0 0 1
29 27 1 0 0 0 1
30 91 1 0 0 0 1
41 81 0 0 0 1 0
13 35 1 1 0 0 1
12 47 0 0 0 0 1
43 95 1 1 0 1 0
10 19 1 1 0 0 1
0 83 1 1 0 0 1
43 55 1 0 0 1 0
0 17 0 0 0 0 1
60 59 0 1 0 1 0
48 26 0 1 0 0 1
65 46 1 1 0 1 0
65 66 1 0 0 1 0
26 38 1 1 0 0 1
87 1 0 1 1 0 0
93 97 1 0 1 0 0
57 14 1 0 0 0 1
19 76 0 0 0 0 1
24 8 0 1 0 0 1
85 21 1 0 1 0 0
13 99 1 0 0 0 1
4 38 1 1 0 0 1
36 67 0 0 0 1 0
92 88 0 0 1 0 0
4 49 0 1 0 0 1
12 54 1 0 0 0 1
92 76 1 1 1 0 0
51 9 0 1 0 0 1
55 89 0 1 0 1 0
62 86 0 0 0 1 0
80 39 0 1 1 0 0
19 53 1 0 0 0 1
41 87 0 0 0 1 0
31 79 0 0 0 1 0
11 8 1 0 0 0 1
57 5 0 1 0 0 1
2 91 0 1 0 0 1
2 16 0 1 0 0 1
98 69 1 1 1 0 0
79 54 0 0 0 1 0
0 76 0 0 0 0 1
93 28 1 1 1 0 0
60 15 0 1 0 0 1
58 47 0 0 0 1 0
75 57 0 1 0 1 0
61 96 0 0 0 1 0
12 40 0 1 0 0 1
26 31 0 1 0 0 1
58 4 1 1 0 0 1
18 27 0 0 0 0 1
71 92 1 1 0 1 0
50 67 1 0 0 1 0
60 37 0 1 0 1 0
64 57 0 1 0 1 0
73 22 1 1 0 0 1
38 54 0 1 0 1 0
85 92 0 1 1 0 0
26 99 0 0 0 0 1
26 74 0 0 0 0 1
99 52 1 0 1 0 0
14 42 0 1 0 0 1
38 74 1 0 0 1 0
74 99 1 1 0 1 0
57 21 0 1 0 0 1
48 3 1 0 0 0 1
90 73 1 0 1 0 0
49 70 0 1 0 1 0
69 1 0 0 0 0 1
92 89 0 0 1 0 0
90 77 1 1 1 0 0
6 95 1 0 0 0 1
29 21 0 0 0 0 1
88 6 0 0 1 0 0
34 40 1 1 0 1 0
92 65 0 0 1 0 0
34 20 0 1 0 0 1
66 63 0 1 0 1 0
96 54 1 1 1 0 0
47 1 1 1 0 0 1
20 56 0 1 0 0 1
82 9 1 1 1 0 0
27 16 0 1 0 0 1
0 8 1 1 0 0 1
61 23 0 0 0 0 1
71 69 0 1 0 1 0
31 42 1 1 0 1 0
59 5 1 0 0 0 1
99 15 0 1 1 0 0
43 36 0 1 0 1 0
17 46 1 1 0 0 1
66 2 0 0 0 0 1
92 42 0 0 1 0 0
72 33 1 1 0 1 0
98 19 1 1 1 0 0
67 36 1 1 0 1 0
94 39 1 0 1 0 0
55 91 0 0 0 1 0
8 84 1 1 0 0 1
28 70 1 1 0 0 1
60 86 1 0 0 1 0
64 72 1 1 0 1 0
90 69 1 0 1 0 0
88 47 0 1 1 0 0
49 90 1 1 0 1 0
88 35 1 0 1 0 0
38 31 0 0 0 1 0
27 95 1 1 0 0 1
99 25 0 1 1 0 0
82 74 1 0 1 0 0
64 66 1 0 0 1 0
18 4 0 0 0 0 1
3 77 0 1 0 0 1
92 67 0 1 1 0 0
6 16 0 0 0 0 1
43 51 0 0 0 1 0
60 35 0 1 0 1 0
71 53 0 1 0 1 0
67 18 0 0 0 0 1
64 58 0 1 0 1 0
5 26 1 0 0 0 1
67 1 1 0 0 0 1
17 41 1 0 0 0 1
87 49 1 0 1 0 0
37 26 0 0 0 0 1
41 87 1 0 0 1 0
51 89 0 1 0 1 0
87 44 1 0 1 0 0
66 26 1 0 0 0 1
31 91 0 0 0 1 0
47 76 1 1 0 1 0
83 24 1 0 1 0 0
54 7 1 0 0 0 1
37 88 1 1 0 1 0
93 74 0 1 1 0 0
51 6 0 0 0 0 1
83 91 1 0 1 0 0
35 63 1 0 0 1 0
37 2 0 0 0 0 1
1 82 0 1 0 0 1
46 59 1 0 0 1 0
19 21 0 0 0 0 1
56 5 1 0 0 0 1
70 41 1 0 0 1 0
35 69 1 0 0 1 0
97 79 0 0 1 0 0
35 38 1 0 0 1 0
17 66 1 1 0 0 1
88 46 0 1 1 0 0
94 40 1 0 1 0 0
48 27 0 0 0 0 1
97 91 1 0 1 0 0
31 36 1 1 0 1 0
88 82 0 0 1 0 0
26 62 0 0 0 0 1
85 23 0 1 1 0 0
1 4 0 0 0 0 1
49 91 1 1 0 1 0
28 72 1 0 0 0 1
70 37 0 1 0 1 0
70 15 1 1 0 0 1
28 34 0 1 0 0 1
34 35 0 1 0 1 0
95 67 0 1 1 0 0
63 86 0 0 0 1 0
81 49 1 0 1 0 0
12 91 0 0 0 0 1
21 5 0 0 0 0 1
4 100 1 1 0 0 1
5 77 1 1 0 0 1
76 25 0 1 0 0 1
30 34 1 0 0 0 1
91 53 1 0 1 0 0
77 93 1 0 0 1 0
62 67 1 1 0 1 0
82 16 1 0 1 0 0
69 33 0 1 0 1 0
37 49 1 1 0 1 0
7 55 0 0 0 0 1
93 49 1 0 1 0 0
9 8 0 0 0 0 1
65 7 0 0 0 0 1
87 46 1 0 1 0 0
29 14 0 1 0 0 1
62 12 0 0 0 0 1
43 100 0 0 0 1 0
85 41 1 1 1 0 0
97 55 0 0 1 0 0
38 16 1 0 0 0 1
0 97 0 0 0 0 1
54 20 1 0 0 0 1
23 81 0 1 0 0 1
9 93 1 0 0 0 1
41 90 0 0 0 1 0
41 68 0 0 0 1 0
34 100 1 1 0 1 0
35 63 1 0 0 1 0
55 79 1 0 0 1 0
46 11 0 1 0 0 1
36 90 1 0 0 1 0
32 27 1 0 0 0 1
60 90 1 0 0 1 0
9 62 1 0 0 0 1
63 98 0 1 0 1 0
74 14 0 1 0 0 1
44 73 1 0 0 1 0
19 95 0 0 0 0 1
31 1 0 1 0 0 1
93 17 0 1 1 0 0
79 25 0 0 0 0 1
17 50 0 0 0 0 1
72 94 0 0 0 1 0
18 81 0 0 0 0 1
28 21 0 0 0 0 1
0 59 0 0 0 0 1
94 89 0 1 1 0 0
9 27 0 0 0 0 1
64 11 1 0 0 0 1
5 73 1 1 0 0 1
69 10 1 0 0 0 1
